100
-86 -35
96 97 4
7 92 1
-56 73 1
97 -70 8
88 -73 2
36 54 1
19 -49
96 -84 10
85 59 10
-16 -13 5
-3 59 10
-97 -13 8
-71 16 10
92 12
-45 18 3
-66 -90 3
-93 82 2
-11 62 1
-73 48 2
70 79 1
16 -59
48 67 9
87 51 2
78 -42 7
36 -70 10
57 -88 9
-67 73 7
-59 -68
81 -10 6
83 6 5
37 89 6
98 42 6
93 -86 6
40 94 6
42 0
-100 0 2
-50 40 1
-62 -44 1
-50 40 1
-50 40 1
42 71 1
-78 36
51 -78 10
50 76 7
23 -62 1
79 51 4
66 -54 9
49 -36 2
-99 -4
83 7 9
88 13 6
0 -81 4
-78 64 3
59 81 6
95 80 8
4 75
-84 -94 3
-6 -67 2
-81 74 1
65 -99 1
65 -99 1
-23 -19 3
-67 -57
46 -24 10
26 63 7
65 -72 10
-9 -40 3
82 39 4
52 -13 10
3 0
-100 0 103
-89 -32 1
22 -58 1
5 0 2
-100 30 4
80 54 3
27 0
-100 0 127
-53 -31 4
-71 -68 1
28 0 1
27 4 4
24 -71 7
7 85
85 96 3
-53 -58 1
47 -13 2
67 6 3
-7 -45 3
-7 -45 3
-21 34
-12 22 8
-76 -69 6
-10 55 8
-30 68 8
47 71 6
91 69 3
-32 66
-35 -30 4
49 -53 3
92 60 2
95 -19 4
38 60 1
20 99 4
5 58
27 -41 10
3 -78 10
-10 59 1
-94 14 1
31 -82 10
24 -77 7
-99 -66
33 -33 10
-3 79 7
-11 52 10
-14 14 4
4 -34 3
-21 -74 3
34 0
-100 0 2
34 67 1
34 67 1
34 67 1
34 67 1
-39 53 1
66 81
-9 25 8
13 16 6
-97 74 7
-10 -84 5
-90 -37 8
-97 74 7
75 62
-57 -75 2
-54 41 1
-75 -12 1
-66 -68 2
-100 -90 2
-5 66 2
27 -62
8 -3 6
-2 39 6
-63 5 2
22 -50 6
-9 12 6
73 -15 2
-60 -26
-8 62 6
65 -48 6
65 -48 6
65 -48 6
65 -48 6
-31 -62 2
-83 97
-23 -47 3
85 66 3
29 -46 3
-55 46 3
29 -46 3
32 -40 2
-67 46
16 47 2
84 32 2
56 92 3
56 92 3
93 61 1
-93 15 3
96 43
3 -72 8
-18 -56 8
83 -9 1
-73 -92 8
62 -83 8
-70 6 4
16 0
-100 0 2
16 58 1
58 82 1
58 82 1
58 82 1
16 58 1
-41 -65
65 -42 5
68 65 5
14 -22 3
14 -22 3
-99 51 8
14 -22 3
30 87
71 2 1
-64 -81 1
-81 79 1
54 48 6
-64 -81 1
-78 -71 1
7 -99
12 87 3
13 33 2
80 -27 1
-55 29 2
-55 23 1
-55 29 2
-83 100
-11 -6 6
-24 -96 3
-19 -97 3
-64 -68 7
23 -73 2
-3 -87 6
-21 -79
88 -22 9
-73 46 9
39 -80 9
-98 35 9
-98 35 9
12 55 9
57 -48
-16 91 8
-92 -68 3
33 70 5
-33 -8 1
-77 -40 1
69 79 5
-43 -49
70 -36 3
54 -11 2
43 -34 3
83 67 2
46 50 3
82 57 3
77 98
-85 21 7
27 -32 10
-50 -20 3
-64 -6 5
-81 -30 3
-41 -70 7
35 -57
0 88 6
84 87 4
-82 46 6
-75 67 6
0 92 2
-75 67 6
70 -37
50 74 8
22 -81 7
63 86 9
-31 65 8
50 39 6
-94 16 9
88 -51
17 1 10
43 -74 10
-37 0 10
-64 -62 4
-17 -81 10
91 98 9
42 22
-45 -56 3
15 -87 2
-57 -70 3
-42 -64 3
-38 -61 1
99 -68 2
-35 -5
67 -67 7
-20 -83 3
50 -18 5
-100 -67 5
-65 11 1
34 -5 4
-2 46
-60 42 9
5 -92 9
-92 -47 9
-92 -47 9
-67 65 6
5 -92 9
26 36
49 82 5
-87 -74 5
4 -82 5
4 -82 5
-87 -74 5
-73 79 5
47 0
-100 0 3
-36 88 2
-86 64 1
47 49 1
96 0 1
-58 -38 2
38 0
-100 0 2
38 69 1
38 69 1
91 80 1
38 69 1
-62 -74 1
-16 49
-3 -20 9
-60 -40 10
82 -63 8
-53 -19 7
53 33 9
82 20 9
25 -61
-75 -47 5
-67 34 3
-42 69 5
48 43 5
38 54 1
-77 95 9
2 0
-100 0 2
-91 -10 1
2 51 1
53 0 1
-91 -10 1
-63 35 1
17 0
-100 0 3
-68 73 1
95 0 2
95 0 2
56 0 1
-95 90 3
-62 -35
-53 47 5
91 49 7
-92 -75 5
-50 53 5
-9 89 5
79 29 9
39 -59
-38 -51 2
-71 11 1
-97 -22 3
99 55 3
-35 88 2
16 -2 1
92 -78
-29 -32 4
-61 7 3
-1 88 1
-38 61 4
-85 78 2
-32 -3 2
-86 83
73 10 7
90 21 7
-79 -93 5
-1 -53 4
1 -98 7
1 -98 7
-77 95
91 79 1
31 -63 1
31 -63 1
31 -63 1
31 -63 1
31 -63 1
93 -16
-53 -74 8
-54 48 8
-54 48 8
-54 48 8
-54 48 8
26 41 3
27 63
32 -16 1
-93 -95 2
-93 -95 2
-93 -95 2
-93 -95 2
8 -68 2
27 -13
-61 -46 5
-48 97 3
88 -51 2
7 78 1
-61 -9 3
-45 -20 1
-66 -73
-31 6 5
22 9 4
-70 -11 3
95 34 1
-89 84 2
-25 -86 2
80 4
83 -64 2
-36 -81 3
-48 -78 2
-48 -78 2
50 52 3
-10 -2 2
-70 68
-70 78 2
51 -36 6
-69 -84 2
79 30 2
-78 75 2
-34 -23 3
-48 19
-10 -33 1
94 100 2
45 -89 2
-100 -76 1
99 27 1
99 27 1
19 0
-100 0 7
-72 -96 3
92 -92 4
-71 -56 4
19 34 2
74 -82 5
65 0
38 53 1
-47 55 2
-10 23 8
-16 -71 1
-54 96 2
-60 64 2
17 -79
-81 -32 2
67 86 1
-85 28 2
-39 -4 1
92 51 1
-64 99 3
3 0
-100 0 103
-5 36 4
3 5 5
3 5 5
-96 -42 9
8 0 5
10 -19
-15 -36 4
-5 37 3
-30 -13 2
-22 -22 4
11 65 7
-22 -22 4
-7 -83
-41 84 1
-38 -25 1
-36 -71 1
8 -76 2
-86 -44 2
-85 12 8
-94 -33
36 -77 1
12 97 1
81 -41 1
-29 94 1
81 -41 1
-29 94 1
-12 -59
38 -64 1
76 18 2
62 -4 1
-92 71 3
-37 -37 7
-92 71 3
-38 -41
18 15 6
69 -51 6
67 -4 6
39 -30 1
49 -95 3
-16 22 3
-18 18
26 -61 4
48 93 4
-84 -88 4
48 93 4
-64 -41 1
32 82 1
26 -62
-61 -68 4
-88 -8 4
74 25 4
-88 -8 4
-47 -65 3
74 25 4
-17 -9
22 -12 8
-18 -48 8
-14 -32 7
5 -11 4
5 -11 4
-3 22 7
-99 -75
21 55 5
-22 100 4
2 -13 1
64 -31 2
-5 78 2
54 92 1
77 47
-35 -31 7
34 9 7
-100 -28 5
-89 -50 7
-81 -51 7
-57 92 1
53 -59
-79 74 3
-73 99 1
-73 99 1
-97 -53 1
35 29 1
35 29 1
6 0
-100 0 2
-52 -71 1
6 53 1
-52 -71 1
59 0 1
-87 75 1
-13 -55
-51 28 8
-8 26 3
-34 -9 8
5 -43 2
-8 26 3
-27 -18 4
-33 83
44 -27 1
97 33 1
-26 -70 1
-26 -70 1
97 33 1
-56 -63 1
92 -32
-25 89 1
27 60 6
-83 96 1
-83 96 1
-83 96 1
-83 96 1
-91 8
28 -12 9
37 -72 7
89 -71 9
-7 -31 6
69 53 8
81 41 2
-99 -65
48 28 3
65 78 1
36 -66 1
15 -88 1
0 -96 1
-43 -70 8
-100 -68
-54 25 7
-77 7 7
38 25 9
13 9 7
-1 -99 6
13 9 7
15 26
-5 41 2
-10 -65 4
-53 98 2
75 77 2
-53 98 2
-76 -73 2
32 -32
-54 -79 10
71 74 10
21 74 2
-50 56 7
8 -46 7
99 19 7
15 44
-6 56 5
84 -7 1
73 20 3
15 -82 5
-74 -94 5
-58 43 5
3 0
3 0 10
-58 13 2
-29 93 10
-8 -17 5
11 50 10
0 33 10
-97 37
-85 -32 8
-41 -11 8
81 36 9
-94 -58 5
25 4 8
-32 -97 8
-95 -1
57 -16 8
-74 67 3
98 73 8
98 73 8
49 80 8
-74 67 3
5 0
-100 0 3
75 0 2
-90 -99 3
75 0 2
75 0 2
98 -83 2
-1 -11
10 52 8
-26 79 1
-88 -53 8
98 -25 3
-70 -48 8
-88 -53 8
-49 -30
19 -16 10
-93 25 10
-4 45 10
-42 -18 8
-25 -22 1
-73 -93 10
8 -90
20 -61 7
-90 42 2
-11 -20 7
37 78 10
-40 71 6
-11 -20 7
45 0
-100 0 5
45 29 1
45 87 3
17 93 3
50 -100 2
50 -100 2
-7 -18
-83 -43 8
76 68 8
76 68 8
76 68 8
-74 -35 4
76 68 8
93 -11
34 -73 1
-56 93 1
-56 93 1
-58 47 1
-99 -74 1
-99 -74 1
57 66
86 -98 3
-98 -42 2
-82 -79 3
-82 -79 3
-90 -42 1
34 -95 1
-20 -50
40 -56 4
7 -2 4
15 30 4
97 -32 4
28 -73 9
-6 36 4
74 -69
-84 -93 9
-89 -64 9
-60 -95 7
-89 -64 9
-89 -64 9
-89 -64 9
-56 -34
89 64 6
66 -29 2
-37 61 1
98 45 2
32 -4 2
-3 67 2
-87 -53
95 25 7
59 -88 3
-28 -1 1
-76 94 3
61 82 4
69 -33 1
8 32
-97 -43 10
55 -17 6
-64 -50 4
55 29 2
43 -37 1
-98 -20 7
0
